0.025 0.965
0.325 0.025
0.585 0.915
0.565 0.605
0.985 0.965
0.425 0.975
0.025 0.405
0.845 0.015
0.995 0.515
0.585 0.935
0.005 0.995
0.905 0.765
0.435 0.975
0.985 0.955
0.275 0.305
0.315 0.035
0.275 0.315
0.645 0.025
0.595 0.935
0.985 0.545
0.995 0.945
0.585 0.575
0.915 0.775
0.035 0.065
0.325 0.045
0.615 0.355
0.625 0.365
0.035 0.645
0.025 0.435
0.325 0.735
0.895 0.285
0.585 0.585
0.025 0.055
0.855 0.025
0.035 0.655
0.265 0.305
0.035 0.055
0.875 0.275
0.035 0.435
0.625 0.035
0.025 0.655
0.015 0.995
0.875 0.285
0.335 0.715
0.335 0.725
0.605 0.345
0.845 0.005
0.915 0.765
0.985 0.555
0.615 0.035

