0.985 0.885
0.995 0.395
0.025 0.165
0.095 0.355
0.325 0.935
0.355 0.445
0.445 0.925
0.245 0.665
0.545 0.095
0.715 0.555
0.865 0.965
0.975 0.885
0.915 0.925
0.985 0.025
0.225 0.655
0.615 0.415
0.005 0.535
0.315 0.025
0.615 0.935
0.035 0.055
0.525 0.675
0.605 0.235
0.955 0.975
0.225 0.455
0.745 0.005
0.045 0.605
0.775 0.035
0.075 0.995
0.985 0.685
0.855 0.435
0.255 0.525
0.735 0.015
0.675 0.865
0.415 0.095
0.595 0.965
0.295 0.475
0.295 0.995
0.845 0.235
0.105 0.715
0.005 0.935
0.645 0.025
0.015 0.155
0.875 0.365
0.775 0.955
0.125 0.015
0.165 0.385
0.975 0.165
0.965 0.585
0.835 0.135
0.155 0.745

