"rid", "binaryID"
477,1
476,10
472,100
467,1000
471,1001
466,10000
470,10010
465,100100
469,100101
464,1001000
468,1001010
298,10010100
297,100101000
293,1001010000
294,10010100000
295,100101000000
290,1001010000000
291,10010100000000
292,100101000000000
288,1001010000000000
289,10010100000000000
286,100101000000000000
285,1001010000000000000
287,1001010000000000001
277,10010100000000000000
279,100101000000000000000
278,1001010000000000000000
274,10010100000000000000000
489,10010100000000000000001
275,100101000000000000000000
280,100101000000000000000010
273,1001010000000000000000000
283,1001010000000000000000100
270,10010100000000000000000000
284,10010100000000000000001000
271,100101000000000000000000000
296,100101000000000000000010000
269,1001010000000000000000000000
257,10010100000000000000000000000
268,10010100000000000000000000001
256,100101000000000000000000000000
267,100101000000000000000000000010
258,1001010000000000000000000000000
262,10010100000000000000000000000000
259,100101000000000000000000000000000
261,1001010000000000000000000000000000
260,10010100000000000000000000000000000
254,100101000000000000000000000000000000
255,1001010000000000000000000000000000000
246,10010100000000000000000000000000000000
247,100101000000000000000000000000000000000
248,1001010000000000000000000000000000000000
245,10010100000000000000000000000000000000000
241,100101000000000000000000000000000000000000
242,1001010000000000000000000000000000000000000
243,10010100000000000000000000000000000000000000
244,100101000000000000000000000000000000000000000
224,1001010000000000000000000000000000000000000000
233,1001010000000000000000000000000000000000000001
225,10010100000000000000000000000000000000000000000
232,10010100000000000000000000000000000000000000010
226,100101000000000000000000000000000000000000000000
229,100101000000000000000000000000000000000000000100
213,1001010000000000000000000000000000000000000000000
230,1001010000000000000000000000000000000000000001000
214,10010100000000000000000000000000000000000000000000
238,10010100000000000000000000000000000000000000010000
436,10010100000000000000000000000000000000000000010001
215,100101000000000000000000000000000000000000000000000
239,100101000000000000000000000000000000000000000100000
281,100101000000000000000000000000000000000000000100010
216,1001010000000000000000000000000000000000000000000000
249,1001010000000000000000000000000000000000000001000000
217,10010100000000000000000000000000000000000000000000000
250,10010100000000000000000000000000000000000000010000000
218,100101000000000000000000000000000000000000000000000000
240,100101000000000000000000000000000000000000000100000000
434,100101000000000000000000000000000000000000000100000001
219,1001010000000000000000000000000000000000000000000000000
237,1001010000000000000000000000000000000000000001000000000
462,1001010000000000000000000000000000000000000001000000010
220,10010100000000000000000000000000000000000000000000000000
236,10010100000000000000000000000000000000000000010000000000
463,10010100000000000000000000000000000000000000010000000100
221,100101000000000000000000000000000000000000000000000000000
235,100101000000000000000000000000000000000000000100000000000
272,100101000000000000000000000000000000000000000100000001000
276,100101000000000000000000000000000000000000000100000001001
222,1001010000000000000000000000000000000000000000000000000000
227,1001010000000000000000000000000000000000000001000000000000
282,1001010000000000000000000000000000000000000001000000010010
223,10010100000000000000000000000000000000000000000000000000000
231,10010100000000000000000000000000000000000000010000000000000
208,100101000000000000000000000000000000000000000000000000000000
228,100101000000000000000000000000000000000000000100000000000000
431,100101000000000000000000000000000000000000000100000000000001
209,1001010000000000000000000000000000000000000000000000000000000
212,1001010000000000000000000000000000000000000001000000000000000
433,1001010000000000000000000000000000000000000001000000000000010
201,10010100000000000000000000000000000000000000000000000000000000
206,10010100000000000000000000000000000000000000000000000000000001
211,10010100000000000000000000000000000000000000010000000000000000
435,10010100000000000000000000000000000000000000010000000000000100
202,100101000000000000000000000000000000000000000000000000000000000
207,100101000000000000000000000000000000000000000000000000000000010
205,100101000000000000000000000000000000000000000100000000000000000
263,100101000000000000000000000000000000000000000100000000000001000
200,1001010000000000000000000000000000000000000000000000000000000000
165,1001010000000000000000000000000000000000000000000000000000000100
427,1001010000000000000000000000000000000000000000000000000000000101
210,1001010000000000000000000000000000000000000001000000000000000000
264,1001010000000000000000000000000000000000000001000000000000010000
195,10010100000000000000000000000000000000000000000000000000000000000
166,10010100000000000000000000000000000000000000000000000000000001000
426,10010100000000000000000000000000000000000000000000000000000001010
251,10010100000000000000000000000000000000000000010000000000000000000
265,10010100000000000000000000000000000000000000010000000000000100000
196,100101000000000000000000000000000000000000000000000000000000000000
167,100101000000000000000000000000000000000000000000000000000000010000
461,100101000000000000000000000000000000000000000000000000000000010100
266,100101000000000000000000000000000000000000000100000000000000000000
197,1001010000000000000000000000000000000000000000000000000000000000000
162,1001010000000000000000000000000000000000000000000000000000000100000
460,1001010000000000000000000000000000000000000000000000000000000101000
191,10010100000000000000000000000000000000000000000000000000000000000000
163,10010100000000000000000000000000000000000000000000000000000001000000
459,10010100000000000000000000000000000000000000000000000000000001010000
192,100101000000000000000000000000000000000000000000000000000000000000000
164,100101000000000000000000000000000000000000000000000000000000010000000
422,100101000000000000000000000000000000000000000000000000000000010100000
190,1001010000000000000000000000000000000000000000000000000000000000000000
159,1001010000000000000000000000000000000000000000000000000000000100000000
178,10010100000000000000000000000000000000000000000000000000000000000000000
160,10010100000000000000000000000000000000000000000000000000000001000000000
180,100101000000000000000000000000000000000000000000000000000000000000000000
161,100101000000000000000000000000000000000000000000000000000000010000000000
186,1001010000000000000000000000000000000000000000000000000000000000000000000
428,1001010000000000000000000000000000000000000000000000000000000000000000001
155,1001010000000000000000000000000000000000000000000000000000000100000000000
185,10010100000000000000000000000000000000000000000000000000000000000000000000
429,10010100000000000000000000000000000000000000000000000000000000000000000010
156,10010100000000000000000000000000000000000000000000000000000001000000000000
184,100101000000000000000000000000000000000000000000000000000000000000000000000
430,100101000000000000000000000000000000000000000000000000000000000000000000100
157,100101000000000000000000000000000000000000000000000000000000010000000000000
189,1001010000000000000000000000000000000000000000000000000000000000000000000000
425,1001010000000000000000000000000000000000000000000000000000000000000000000001
158,1001010000000000000000000000000000000000000000000000000000000100000000000000
188,10010100000000000000000000000000000000000000000000000000000000000000000000000
154,10010100000000000000000000000000000000000000000000000000000001000000000000000
181,100101000000000000000000000000000000000000000000000000000000000000000000000000
153,100101000000000000000000000000000000000000000000000000000000010000000000000000
179,1001010000000000000000000000000000000000000000000000000000000000000000000000000
147,1001010000000000000000000000000000000000000000000000000000000100000000000000000
481,1001010000000000000000000000000000000000000000000000000000000100000000000000001
177,10010100000000000000000000000000000000000000000000000000000000000000000000000000
146,10010100000000000000000000000000000000000000000000000000000001000000000000000000
456,10010100000000000000000000000000000000000000000000000000000001000000000000000001
499,10010100000000000000000000000000000000000000000000000000000001000000000000000010
176,100101000000000000000000000000000000000000000000000000000000000000000000000000000
145,100101000000000000000000000000000000000000000000000000000000010000000000000000000
424,100101000000000000000000000000000000000000000000000000000000010000000000000000010
500,100101000000000000000000000000000000000000000000000000000000010000000000000000100
175,1001010000000000000000000000000000000000000000000000000000000000000000000000000000
143,1001010000000000000000000000000000000000000000000000000000000100000000000000000000
455,1001010000000000000000000000000000000000000000000000000000000100000000000000000001
423,1001010000000000000000000000000000000000000000000000000000000100000000000000000100
174,10010100000000000000000000000000000000000000000000000000000000000000000000000000000
144,10010100000000000000000000000000000000000000000000000000000001000000000000000000000
172,100101000000000000000000000000000000000000000000000000000000000000000000000000000000
142,100101000000000000000000000000000000000000000000000000000000010000000000000000000000
151,1001010000000000000000000000000000000000000000000000000000000000000000000000000000000
487,1001010000000000000000000000000000000000000000000000000000000000000000000000000000001
141,1001010000000000000000000000000000000000000000000000000000000100000000000000000000000
168,10010100000000000000000000000000000000000000000000000000000000000000000000000000000000
496,10010100000000000000000000000000000000000000000000000000000000000000000000000000000001
486,10010100000000000000000000000000000000000000000000000000000000000000000000000000000010
140,10010100000000000000000000000000000000000000000000000000000001000000000000000000000000
150,100101000000000000000000000000000000000000000000000000000000000000000000000000000000000
485,100101000000000000000000000000000000000000000000000000000000000000000000000000000000100
139,100101000000000000000000000000000000000000000000000000000000010000000000000000000000000
170,1001010000000000000000000000000000000000000000000000000000000000000000000000000000000000
484,1001010000000000000000000000000000000000000000000000000000000000000000000000000000001000
137,1001010000000000000000000000000000000000000000000000000000000100000000000000000000000000
169,10010100000000000000000000000000000000000000000000000000000000000000000000000000000000000
483,10010100000000000000000000000000000000000000000000000000000000000000000000000000000010000
131,10010100000000000000000000000000000000000000000000000000000001000000000000000000000000000
417,10010100000000000000000000000000000000000000000000000000000001000000000000000000000000001
152,100101000000000000000000000000000000000000000000000000000000000000000000000000000000000000
482,100101000000000000000000000000000000000000000000000000000000000000000000000000000000100000
130,100101000000000000000000000000000000000000000000000000000000010000000000000000000000000000
416,100101000000000000000000000000000000000000000000000000000000010000000000000000000000000010
149,1001010000000000000000000000000000000000000000000000000000000000000000000000000000000000000
129,1001010000000000000000000000000000000000000000000000000000000100000000000000000000000000000
418,1001010000000000000000000000000000000000000000000000000000000100000000000000000000000000100
148,10010100000000000000000000000000000000000000000000000000000000000000000000000000000000000000
125,10010100000000000000000000000000000000000000000000000000000001000000000000000000000000000000
413,10010100000000000000000000000000000000000000000000000000000001000000000000000000000000000001
419,10010100000000000000000000000000000000000000000000000000000001000000000000000000000000001000
171,100101000000000000000000000000000000000000000000000000000000000000000000000000000000000000000
121,100101000000000000000000000000000000000000000000000000000000010000000000000000000000000000000
412,100101000000000000000000000000000000000000000000000000000000010000000000000000000000000000010
420,100101000000000000000000000000000000000000000000000000000000010000000000000000000000000010000
173,1001010000000000000000000000000000000000000000000000000000000000000000000000000000000000000000
122,1001010000000000000000000000000000000000000000000000000000000100000000000000000000000000000000
411,1001010000000000000000000000000000000000000000000000000000000100000000000000000000000000000100
421,1001010000000000000000000000000000000000000000000000000000000100000000000000000000000000100000
183,10010100000000000000000000000000000000000000000000000000000000000000000000000000000000000000000
458,10010100000000000000000000000000000000000000000000000000000000000000000000000000000000000000001
116,10010100000000000000000000000000000000000000000000000000000001000000000000000000000000000000000
406,10010100000000000000000000000000000000000000000000000000000001000000000000000000000000000000001
410,10010100000000000000000000000000000000000000000000000000000001000000000000000000000000000001000
495,10010100000000000000000000000000000000000000000000000000000001000000000000000000000000000001001
414,10010100000000000000000000000000000000000000000000000000000001000000000000000000000000001000000
182,100101000000000000000000000000000000000000000000000000000000000000000000000000000000000000000000
457,100101000000000000000000000000000000000000000000000000000000000000000000000000000000000000000010
115,100101000000000000000000000000000000000000000000000000000000010000000000000000000000000000000000
404,100101000000000000000000000000000000000000000000000000000000010000000000000000000000000000000010
405,100101000000000000000000000000000000000000000000000000000000010000000000000000000000000000000011
401,100101000000000000000000000000000000000000000000000000000000010000000000000000000000000000010000
187,1001010000000000000000000000000000000000000000000000000000000000000000000000000000000000000000000
113,1001010000000000000000000000000000000000000000000000000000000100000000000000000000000000000000000
193,10010100000000000000000000000000000000000000000000000000000000000000000000000000000000000000000000
114,10010100000000000000000000000000000000000000000000000000000001000000000000000000000000000000000000
194,100101000000000000000000000000000000000000000000000000000000000000000000000000000000000000000000000
110,100101000000000000000000000000000000000000000000000000000000010000000000000000000000000000000000000
198,1001010000000000000000000000000000000000000000000000000000000000000000000000000000000000000000000000
111,1001010000000000000000000000000000000000000000000000000000000100000000000000000000000000000000000000
199,10010100000000000000000000000000000000000000000000000000000000000000000000000000000000000000000000000
112,10010100000000000000000000000000000000000000000000000000000001000000000000000000000000000000000000000
203,100101000000000000000000000000000000000000000000000000000000000000000000000000000000000000000000000000
106,100101000000000000000000000000000000000000000000000000000000010000000000000000000000000000000000000000
501,100101000000000000000000000000000000000000000000000000000000010000000000000000000000000000000000000001
204,1001010000000000000000000000000000000000000000000000000000000000000000000000000000000000000000000000000
432,1001010000000000000000000000000000000000000000000000000000000000000000000000000000000000000000000000001
96,1001010000000000000000000000000000000000000000000000000000000100000000000000000000000000000000000000000
105,1001010000000000000000000000000000000000000000000000000000000100000000000000000000000000000000000000001
234,10010100000000000000000000000000000000000000000000000000000000000000000000000000000000000000000000000000
95,10010100000000000000000000000000000000000000000000000000000001000000000000000000000000000000000000000000
103,10010100000000000000000000000000000000000000000000000000000001000000000000000000000000000000000000000010
399,10010100000000000000000000000000000000000000000000000000000001000000000000000000000000000000000000000011
252,100101000000000000000000000000000000000000000000000000000000000000000000000000000000000000000000000000000
94,100101000000000000000000000000000000000000000000000000000000010000000000000000000000000000000000000000000
98,100101000000000000000000000000000000000000000000000000000000010000000000000000000000000000000000000000100
403,100101000000000000000000000000000000000000000000000000000000010000000000000000000000000000000000000000101
392,100101000000000000000000000000000000000000000000000000000000010000000000000000000000000000000000000000110
253,1001010000000000000000000000000000000000000000000000000000000000000000000000000000000000000000000000000000
97,1001010000000000000000000000000000000000000000000000000000000100000000000000000000000000000000000000000000
91,1001010000000000000000000000000000000000000000000000000000000100000000000000000000000000000000000000001000
394,1001010000000000000000000000000000000000000000000000000000000100000000000000000000000000000000000000001010
400,1001010000000000000000000000000000000000000000000000000000000100000000000000000000000000000000000000001011
488,10010100000000000000000000000000000000000000000000000000000000000000000000000000000000000000000000000000000
93,10010100000000000000000000000000000000000000000000000000000001000000000000000000000000000000000000000000000
99,10010100000000000000000000000000000000000000000000000000000001000000000000000000000000000000000000000000001
90,10010100000000000000000000000000000000000000000000000000000001000000000000000000000000000000000000000010000
395,10010100000000000000000000000000000000000000000000000000000001000000000000000000000000000000000000000010110
398,10010100000000000000000000000000000000000000000000000000000001000000000000000000000000000000000000000010111
92,100101000000000000000000000000000000000000000000000000000000010000000000000000000000000000000000000000000000
397,100101000000000000000000000000000000000000000000000000000000010000000000000000000000000000000000000000000001
100,100101000000000000000000000000000000000000000000000000000000010000000000000000000000000000000000000000000010
89,100101000000000000000000000000000000000000000000000000000000010000000000000000000000000000000000000000100000
86,1001010000000000000000000000000000000000000000000000000000000100000000000000000000000000000000000000000000000
391,1001010000000000000000000000000000000000000000000000000000000100000000000000000000000000000000000000000000010
101,1001010000000000000000000000000000000000000000000000000000000100000000000000000000000000000000000000000000100
88,1001010000000000000000000000000000000000000000000000000000000100000000000000000000000000000000000000001000000
85,10010100000000000000000000000000000000000000000000000000000001000000000000000000000000000000000000000000000000
102,10010100000000000000000000000000000000000000000000000000000001000000000000000000000000000000000000000000001000
87,10010100000000000000000000000000000000000000000000000000000001000000000000000000000000000000000000000010000000
83,100101000000000000000000000000000000000000000000000000000000010000000000000000000000000000000000000000000000000
104,100101000000000000000000000000000000000000000000000000000000010000000000000000000000000000000000000000000010000
452,100101000000000000000000000000000000000000000000000000000000010000000000000000000000000000000000000000000010001
84,100101000000000000000000000000000000000000000000000000000000010000000000000000000000000000000000000000100000000
82,1001010000000000000000000000000000000000000000000000000000000100000000000000000000000000000000000000000000000000
388,1001010000000000000000000000000000000000000000000000000000000100000000000000000000000000000000000000000000000001
107,1001010000000000000000000000000000000000000000000000000000000100000000000000000000000000000000000000000000100000
451,1001010000000000000000000000000000000000000000000000000000000100000000000000000000000000000000000000000000100010
389,1001010000000000000000000000000000000000000000000000000000000100000000000000000000000000000000000000001000000000
81,10010100000000000000000000000000000000000000000000000000000001000000000000000000000000000000000000000000000000000
450,10010100000000000000000000000000000000000000000000000000000001000000000000000000000000000000000000000000000000010
108,10010100000000000000000000000000000000000000000000000000000001000000000000000000000000000000000000000000001000000
453,10010100000000000000000000000000000000000000000000000000000001000000000000000000000000000000000000000000001000100
370,10010100000000000000000000000000000000000000000000000000000001000000000000000000000000000000000000000010000000000
386,10010100000000000000000000000000000000000000000000000000000001000000000000000000000000000000000000000010000000001
498,100101000000000000000000000000000000000000000000000000000000010000000000000000000000000000000000000000000000000000
384,100101000000000000000000000000000000000000000000000000000000010000000000000000000000000000000000000000000000000100
109,100101000000000000000000000000000000000000000000000000000000010000000000000000000000000000000000000000000010000000
402,100101000000000000000000000000000000000000000000000000000000010000000000000000000000000000000000000000000010001000
369,100101000000000000000000000000000000000000000000000000000000010000000000000000000000000000000000000000100000000000
382,100101000000000000000000000000000000000000000000000000000000010000000000000000000000000000000000000000100000000010
385,100101000000000000000000000000000000000000000000000000000000010000000000000000000000000000000000000000100000000011
80,1001010000000000000000000000000000000000000000000000000000000100000000000000000000000000000000000000000000000000000
449,1001010000000000000000000000000000000000000000000000000000000100000000000000000000000000000000000000000000000000001
117,1001010000000000000000000000000000000000000000000000000000000100000000000000000000000000000000000000000000100000000
73,1001010000000000000000000000000000000000000000000000000000000100000000000000000000000000000000000000001000000000000
383,1001010000000000000000000000000000000000000000000000000000000100000000000000000000000000000000000000001000000000100
365,1001010000000000000000000000000000000000000000000000000000000100000000000000000000000000000000000000001000000000110
79,10010100000000000000000000000000000000000000000000000000000001000000000000000000000000000000000000000000000000000000
378,10010100000000000000000000000000000000000000000000000000000001000000000000000000000000000000000000000000000000000010
118,10010100000000000000000000000000000000000000000000000000000001000000000000000000000000000000000000000000001000000000
368,10010100000000000000000000000000000000000000000000000000000001000000000000000000000000000000000000000010000000000000
381,10010100000000000000000000000000000000000000000000000000000001000000000000000000000000000000000000000010000000001000
364,10010100000000000000000000000000000000000000000000000000000001000000000000000000000000000000000000000010000000001100
78,100101000000000000000000000000000000000000000000000000000000010000000000000000000000000000000000000000000000000000000
377,100101000000000000000000000000000000000000000000000000000000010000000000000000000000000000000000000000000000000000100
119,100101000000000000000000000000000000000000000000000000000000010000000000000000000000000000000000000000000010000000000
367,100101000000000000000000000000000000000000000000000000000000010000000000000000000000000000000000000000100000000000000
380,100101000000000000000000000000000000000000000000000000000000010000000000000000000000000000000000000000100000000010000
358,100101000000000000000000000000000000000000000000000000000000010000000000000000000000000000000000000000100000000011000
366,100101000000000000000000000000000000000000000000000000000000010000000000000000000000000000000000000000100000000011001
77,1001010000000000000000000000000000000000000000000000000000000100000000000000000000000000000000000000000000000000000000
373,1001010000000000000000000000000000000000000000000000000000000100000000000000000000000000000000000000000000000000001000
120,1001010000000000000000000000000000000000000000000000000000000100000000000000000000000000000000000000000000100000000000
72,1001010000000000000000000000000000000000000000000000000000000100000000000000000000000000000000000000001000000000000000
379,1001010000000000000000000000000000000000000000000000000000000100000000000000000000000000000000000000001000000000100000
349,1001010000000000000000000000000000000000000000000000000000000100000000000000000000000000000000000000001000000000110000
351,1001010000000000000000000000000000000000000000000000000000000100000000000000000000000000000000000000001000000000110001
371,1001010000000000000000000000000000000000000000000000000000000100000000000000000000000000000000000000001000000000110010
76,10010100000000000000000000000000000000000000000000000000000001000000000000000000000000000000000000000000000000000000000
123,10010100000000000000000000000000000000000000000000000000000001000000000000000000000000000000000000000000001000000000000
71,10010100000000000000000000000000000000000000000000000000000001000000000000000000000000000000000000000010000000000000000
387,10010100000000000000000000000000000000000000000000000000000001000000000000000000000000000000000000000010000000001000000
345,10010100000000000000000000000000000000000000000000000000000001000000000000000000000000000000000000000010000000001100000
360,10010100000000000000000000000000000000000000000000000000000001000000000000000000000000000000000000000010000000001100001
341,10010100000000000000000000000000000000000000000000000000000001000000000000000000000000000000000000000010000000001100010
350,10010100000000000000000000000000000000000000000000000000000001000000000000000000000000000000000000000010000000001100011
372,10010100000000000000000000000000000000000000000000000000000001000000000000000000000000000000000000000010000000001100100
75,100101000000000000000000000000000000000000000000000000000000010000000000000000000000000000000000000000000000000000000000
124,100101000000000000000000000000000000000000000000000000000000010000000000000000000000000000000000000000000010000000000000
67,100101000000000000000000000000000000000000000000000000000000010000000000000000000000000000000000000000100000000000000000
70,100101000000000000000000000000000000000000000000000000000000010000000000000000000000000000000000000000100000000000000001
393,100101000000000000000000000000000000000000000000000000000000010000000000000000000000000000000000000000100000000010000000
343,100101000000000000000000000000000000000000000000000000000000010000000000000000000000000000000000000000100000000011000000
325,100101000000000000000000000000000000000000000000000000000000010000000000000000000000000000000000000000100000000011000100
347,100101000000000000000000000000000000000000000000000000000000010000000000000000000000000000000000000000100000000011000110
374,100101000000000000000000000000000000000000000000000000000000010000000000000000000000000000000000000000100000000011001000
74,1001010000000000000000000000000000000000000000000000000000000100000000000000000000000000000000000000000000000000000000000
126,1001010000000000000000000000000000000000000000000000000000000100000000000000000000000000000000000000000000100000000000000
60,1001010000000000000000000000000000000000000000000000000000000100000000000000000000000000000000000000001000000000000000000
69,1001010000000000000000000000000000000000000000000000000000000100000000000000000000000000000000000000001000000000000000010
390,1001010000000000000000000000000000000000000000000000000000000100000000000000000000000000000000000000001000000000100000000
396,1001010000000000000000000000000000000000000000000000000000000100000000000000000000000000000000000000001000000000100000001
346,1001010000000000000000000000000000000000000000000000000000000100000000000000000000000000000000000000001000000000110000000
324,1001010000000000000000000000000000000000000000000000000000000100000000000000000000000000000000000000001000000000110001000
344,1001010000000000000000000000000000000000000000000000000000000100000000000000000000000000000000000000001000000000110001100
375,1001010000000000000000000000000000000000000000000000000000000100000000000000000000000000000000000000001000000000110010000
127,10010100000000000000000000000000000000000000000000000000000001000000000000000000000000000000000000000000001000000000000000
409,10010100000000000000000000000000000000000000000000000000000001000000000000000000000000000000000000000000001000000000000001
51,10010100000000000000000000000000000000000000000000000000000001000000000000000000000000000000000000000010000000000000000000
68,10010100000000000000000000000000000000000000000000000000000001000000000000000000000000000000000000000010000000000000000100
376,10010100000000000000000000000000000000000000000000000000000001000000000000000000000000000000000000000010000000001000000000
340,10010100000000000000000000000000000000000000000000000000000001000000000000000000000000000000000000000010000000001100000000
348,10010100000000000000000000000000000000000000000000000000000001000000000000000000000000000000000000000010000000001100000001
490,10010100000000000000000000000000000000000000000000000000000001000000000000000000000000000000000000000010000000001100010000
337,10010100000000000000000000000000000000000000000000000000000001000000000000000000000000000000000000000010000000001100011000
339,10010100000000000000000000000000000000000000000000000000000001000000000000000000000000000000000000000010000000001100011001
492,10010100000000000000000000000000000000000000000000000000000001000000000000000000000000000000000000000010000000001100100000
493,10010100000000000000000000000000000000000000000000000000000001000000000000000000000000000000000000000010000000001100100001
128,100101000000000000000000000000000000000000000000000000000000010000000000000000000000000000000000000000000010000000000000000
408,100101000000000000000000000000000000000000000000000000000000010000000000000000000000000000000000000000000010000000000000010
48,100101000000000000000000000000000000000000000000000000000000010000000000000000000000000000000000000000100000000000000000000
64,100101000000000000000000000000000000000000000000000000000000010000000000000000000000000000000000000000100000000000000001000
352,100101000000000000000000000000000000000000000000000000000000010000000000000000000000000000000000000000100000000011000000010
319,100101000000000000000000000000000000000000000000000000000000010000000000000000000000000000000000000000100000000011000100000
328,100101000000000000000000000000000000000000000000000000000000010000000000000000000000000000000000000000100000000011000100001
329,100101000000000000000000000000000000000000000000000000000000010000000000000000000000000000000000000000100000000011000110000
332,100101000000000000000000000000000000000000000000000000000000010000000000000000000000000000000000000000100000000011000110001
338,100101000000000000000000000000000000000000000000000000000000010000000000000000000000000000000000000000100000000011000110010
132,1001010000000000000000000000000000000000000000000000000000000100000000000000000000000000000000000000000000100000000000000000
407,1001010000000000000000000000000000000000000000000000000000000100000000000000000000000000000000000000000000100000000000000100
46,1001010000000000000000000000000000000000000000000000000000000100000000000000000000000000000000000000001000000000000000000000
62,1001010000000000000000000000000000000000000000000000000000000100000000000000000000000000000000000000001000000000000000010000
355,1001010000000000000000000000000000000000000000000000000000000100000000000000000000000000000000000000001000000000110000000100
315,1001010000000000000000000000000000000000000000000000000000000100000000000000000000000000000000000000001000000000110001000000
133,10010100000000000000000000000000000000000000000000000000000001000000000000000000000000000000000000000000001000000000000000000
494,10010100000000000000000000000000000000000000000000000000000001000000000000000000000000000000000000000000001000000000000001000
35,10010100000000000000000000000000000000000000000000000000000001000000000000000000000000000000000000000010000000000000000000000
59,10010100000000000000000000000000000000000000000000000000000001000000000000000000000000000000000000000010000000000000000100000
354,10010100000000000000000000000000000000000000000000000000000001000000000000000000000000000000000000000010000000001100000001000
356,10010100000000000000000000000000000000000000000000000000000001000000000000000000000000000000000000000010000000001100000001001
312,10010100000000000000000000000000000000000000000000000000000001000000000000000000000000000000000000000010000000001100010000000
321,10010100000000000000000000000000000000000000000000000000000001000000000000000000000000000000000000000010000000001100010000001
134,100101000000000000000000000000000000000000000000000000000000010000000000000000000000000000000000000000000010000000000000000000
454,100101000000000000000000000000000000000000000000000000000000010000000000000000000000000000000000000000000010000000000000010000
33,100101000000000000000000000000000000000000000000000000000000010000000000000000000000000000000000000000100000000000000000000000
56,100101000000000000000000000000000000000000000000000000000000010000000000000000000000000000000000000000100000000000000001000000
299,100101000000000000000000000000000000000000000000000000000000010000000000000000000000000000000000000000100000000011000000010000
361,100101000000000000000000000000000000000000000000000000000000010000000000000000000000000000000000000000100000000011000000010010
301,100101000000000000000000000000000000000000000000000000000000010000000000000000000000000000000000000000100000000011000100000000
314,100101000000000000000000000000000000000000000000000000000000010000000000000000000000000000000000000000100000000011000100000001
313,100101000000000000000000000000000000000000000000000000000000010000000000000000000000000000000000000000100000000011000100000010
322,100101000000000000000000000000000000000000000000000000000000010000000000000000000000000000000000000000100000000011000100000011
135,1001010000000000000000000000000000000000000000000000000000000100000000000000000000000000000000000000000000100000000000000000000
415,1001010000000000000000000000000000000000000000000000000000000100000000000000000000000000000000000000000000100000000000000100000
28,1001010000000000000000000000000000000000000000000000000000000100000000000000000000000000000000000000001000000000000000000000000
55,1001010000000000000000000000000000000000000000000000000000000100000000000000000000000000000000000000001000000000000000010000000
353,1001010000000000000000000000000000000000000000000000000000000100000000000000000000000000000000000000001000000000110000000100000
333,1001010000000000000000000000000000000000000000000000000000000100000000000000000000000000000000000000001000000000110001000000110
334,1001010000000000000000000000000000000000000000000000000000000100000000000000000000000000000000000000001000000000110001000000111
136,10010100000000000000000000000000000000000000000000000000000001000000000000000000000000000000000000000000001000000000000000000000
23,10010100000000000000000000000000000000000000000000000000000001000000000000000000000000000000000000000010000000000000000000000000
54,10010100000000000000000000000000000000000000000000000000000001000000000000000000000000000000000000000010000000000000000100000000
491,10010100000000000000000000000000000000000000000000000000000001000000000000000000000000000000000000000010000000001100000001000000
138,100101000000000000000000000000000000000000000000000000000000010000000000000000000000000000000000000000000010000000000000000000000
20,100101000000000000000000000000000000000000000000000000000000010000000000000000000000000000000000000000100000000000000000000000000
52,100101000000000000000000000000000000000000000000000000000000010000000000000000000000000000000000000000100000000000000001000000000
480,1001010000000000000000000000000000000000000000000000000000000100000000000000000000000000000000000000000000100000000000000000000000
15,1001010000000000000000000000000000000000000000000000000000000100000000000000000000000000000000000000001000000000000000000000000000
49,1001010000000000000000000000000000000000000000000000000000000100000000000000000000000000000000000000001000000000000000010000000000
50,1001010000000000000000000000000000000000000000000000000000000100000000000000000000000000000000000000001000000000000000010000000001
16,10010100000000000000000000000000000000000000000000000000000001000000000000000000000000000000000000000010000000000000000000000000000
45,10010100000000000000000000000000000000000000000000000000000001000000000000000000000000000000000000000010000000000000000100000000000
47,10010100000000000000000000000000000000000000000000000000000001000000000000000000000000000000000000000010000000000000000100000000001
57,10010100000000000000000000000000000000000000000000000000000001000000000000000000000000000000000000000010000000000000000100000000010
497,100101000000000000000000000000000000000000000000000000000000010000000000000000000000000000000000000000100000000000000000000000000000
42,100101000000000000000000000000000000000000000000000000000000010000000000000000000000000000000000000000100000000000000001000000000000
44,100101000000000000000000000000000000000000000000000000000000010000000000000000000000000000000000000000100000000000000001000000000010
61,100101000000000000000000000000000000000000000000000000000000010000000000000000000000000000000000000000100000000000000001000000000100
448,100101000000000000000000000000000000000000000000000000000000010000000000000000000000000000000000000000100000000000000001000000000101
10,1001010000000000000000000000000000000000000000000000000000000100000000000000000000000000000000000000001000000000000000000000000000000
40,1001010000000000000000000000000000000000000000000000000000000100000000000000000000000000000000000000001000000000000000010000000000000
43,1001010000000000000000000000000000000000000000000000000000000100000000000000000000000000000000000000001000000000000000010000000000100
320,1001010000000000000000000000000000000000000000000000000000000100000000000000000000000000000000000000001000000000000000010000000000101
63,1001010000000000000000000000000000000000000000000000000000000100000000000000000000000000000000000000001000000000000000010000000001000
447,1001010000000000000000000000000000000000000000000000000000000100000000000000000000000000000000000000001000000000000000010000000001010
8,10010100000000000000000000000000000000000000000000000000000001000000000000000000000000000000000000000010000000000000000000000000000000
32,10010100000000000000000000000000000000000000000000000000000001000000000000000000000000000000000000000010000000000000000100000000000000
38,10010100000000000000000000000000000000000000000000000000000001000000000000000000000000000000000000000010000000000000000100000000001000
66,10010100000000000000000000000000000000000000000000000000000001000000000000000000000000000000000000000010000000000000000100000000010000
357,10010100000000000000000000000000000000000000000000000000000001000000000000000000000000000000000000000010000000000000000100000000010001
446,10010100000000000000000000000000000000000000000000000000000001000000000000000000000000000000000000000010000000000000000100000000010100
7,100101000000000000000000000000000000000000000000000000000000010000000000000000000000000000000000000000100000000000000000000000000000000
31,100101000000000000000000000000000000000000000000000000000000010000000000000000000000000000000000000000100000000000000001000000000000000
29,100101000000000000000000000000000000000000000000000000000000010000000000000000000000000000000000000000100000000000000001000000000010000
65,100101000000000000000000000000000000000000000000000000000000010000000000000000000000000000000000000000100000000000000001000000000100000
359,100101000000000000000000000000000000000000000000000000000000010000000000000000000000000000000000000000100000000000000001000000000100010
363,100101000000000000000000000000000000000000000000000000000000010000000000000000000000000000000000000000100000000000000001000000000100011
9,1001010000000000000000000000000000000000000000000000000000000100000000000000000000000000000000000000001000000000000000000000000000000000
26,1001010000000000000000000000000000000000000000000000000000000100000000000000000000000000000000000000001000000000000000010000000000000000
30,1001010000000000000000000000000000000000000000000000000000000100000000000000000000000000000000000000001000000000000000010000000000000001
27,1001010000000000000000000000000000000000000000000000000000000100000000000000000000000000000000000000001000000000000000010000000000100000
326,1001010000000000000000000000000000000000000000000000000000000100000000000000000000000000000000000000001000000000000000010000000000100001
479,1001010000000000000000000000000000000000000000000000000000000100000000000000000000000000000000000000001000000000000000010000000001000000
362,1001010000000000000000000000000000000000000000000000000000000100000000000000000000000000000000000000001000000000000000010000000001000110
11,10010100000000000000000000000000000000000000000000000000000001000000000000000000000000000000000000000010000000000000000000000000000000000
25,10010100000000000000000000000000000000000000000000000000000001000000000000000000000000000000000000000010000000000000000100000000000000000
36,10010100000000000000000000000000000000000000000000000000000001000000000000000000000000000000000000000010000000000000000100000000000000010
19,10010100000000000000000000000000000000000000000000000000000001000000000000000000000000000000000000000010000000000000000100000000001000000
311,10010100000000000000000000000000000000000000000000000000000001000000000000000000000000000000000000000010000000000000000100000000001000010
58,10010100000000000000000000000000000000000000000000000000000001000000000000000000000000000000000000000010000000000000000100000000010000000
12,100101000000000000000000000000000000000000000000000000000000010000000000000000000000000000000000000000100000000000000000000000000000000000
24,100101000000000000000000000000000000000000000000000000000000010000000000000000000000000000000000000000100000000000000001000000000000000000
445,100101000000000000000000000000000000000000000000000000000000010000000000000000000000000000000000000000100000000000000001000000000000000001
37,100101000000000000000000000000000000000000000000000000000000010000000000000000000000000000000000000000100000000000000001000000000000000100
13,1001010000000000000000000000000000000000000000000000000000000100000000000000000000000000000000000000001000000000000000000000000000000000000
303,1001010000000000000000000000000000000000000000000000000000000100000000000000000000000000000000000000001000000000000000000000000000000000001
22,1001010000000000000000000000000000000000000000000000000000000100000000000000000000000000000000000000001000000000000000010000000000000000000
444,1001010000000000000000000000000000000000000000000000000000000100000000000000000000000000000000000000001000000000000000010000000000000000001
310,1001010000000000000000000000000000000000000000000000000000000100000000000000000000000000000000000000001000000000000000010000000000000000010
335,1001010000000000000000000000000000000000000000000000000000000100000000000000000000000000000000000000001000000000000000010000000000000001000
478,1001010000000000000000000000000000000000000000000000000000000100000000000000000000000000000000000000001000000000000000010000000000000001001
473,10010100000000000000000000000000000000000000000000000000000001000000000000000000000000000000000000000010000000000000000000000000000000000000
302,10010100000000000000000000000000000000000000000000000000000001000000000000000000000000000000000000000010000000000000000000000000000000000010
21,10010100000000000000000000000000000000000000000000000000000001000000000000000000000000000000000000000010000000000000000100000000000000000000
323,10010100000000000000000000000000000000000000000000000000000001000000000000000000000000000000000000000010000000000000000100000000000000000010
309,10010100000000000000000000000000000000000000000000000000000001000000000000000000000000000000000000000010000000000000000100000000000000000100
336,10010100000000000000000000000000000000000000000000000000000001000000000000000000000000000000000000000010000000000000000100000000000000010000
34,10010100000000000000000000000000000000000000000000000000000001000000000000000000000000000000000000000010000000000000000100000000000000010010
474,100101000000000000000000000000000000000000000000000000000000010000000000000000000000000000000000000000100000000000000000000000000000000000000
300,100101000000000000000000000000000000000000000000000000000000010000000000000000000000000000000000000000100000000000000000000000000000000000100
18,100101000000000000000000000000000000000000000000000000000000010000000000000000000000000000000000000000100000000000000001000000000000000000000
317,100101000000000000000000000000000000000000000000000000000000010000000000000000000000000000000000000000100000000000000001000000000000000000001
318,100101000000000000000000000000000000000000000000000000000000010000000000000000000000000000000000000000100000000000000001000000000000000000100
327,100101000000000000000000000000000000000000000000000000000000010000000000000000000000000000000000000000100000000000000001000000000000000000101
308,100101000000000000000000000000000000000000000000000000000000010000000000000000000000000000000000000000100000000000000001000000000000000001000
342,100101000000000000000000000000000000000000000000000000000000010000000000000000000000000000000000000000100000000000000001000000000000000100000
39,100101000000000000000000000000000000000000000000000000000000010000000000000000000000000000000000000000100000000000000001000000000000000100100
331,100101000000000000000000000000000000000000000000000000000000010000000000000000000000000000000000000000100000000000000001000000000000000100101
442,1001010000000000000000000000000000000000000000000000000000000100000000000000000000000000000000000000001000000000000000000000000000000000000000
17,1001010000000000000000000000000000000000000000000000000000000100000000000000000000000000000000000000001000000000000000010000000000000000000000
316,1001010000000000000000000000000000000000000000000000000000000100000000000000000000000000000000000000001000000000000000010000000000000000000010
307,1001010000000000000000000000000000000000000000000000000000000100000000000000000000000000000000000000001000000000000000010000000000000000010000
41,1001010000000000000000000000000000000000000000000000000000000100000000000000000000000000000000000000001000000000000000010000000000000001001000
330,1001010000000000000000000000000000000000000000000000000000000100000000000000000000000000000000000000001000000000000000010000000000000001001010
475,10010100000000000000000000000000000000000000000000000000000001000000000000000000000000000000000000000010000000000000000000000000000000000000000
14,10010100000000000000000000000000000000000000000000000000000001000000000000000000000000000000000000000010000000000000000100000000000000000000000
306,10010100000000000000000000000000000000000000000000000000000001000000000000000000000000000000000000000010000000000000000100000000000000000100000
53,10010100000000000000000000000000000000000000000000000000000001000000000000000000000000000000000000000010000000000000000100000000000000010010000
443,100101000000000000000000000000000000000000000000000000000000010000000000000000000000000000000000000000100000000000000000000000000000000000000000
6,100101000000000000000000000000000000000000000000000000000000010000000000000000000000000000000000000000100000000000000001000000000000000000000000
304,100101000000000000000000000000000000000000000000000000000000010000000000000000000000000000000000000000100000000000000001000000000000000000000001
5,1001010000000000000000000000000000000000000000000000000000000100000000000000000000000000000000000000001000000000000000010000000000000000000000000
305,1001010000000000000000000000000000000000000000000000000000000100000000000000000000000000000000000000001000000000000000010000000000000000000000001
437,1001010000000000000000000000000000000000000000000000000000000100000000000000000000000000000000000000001000000000000000010000000000000000000000010
4,10010100000000000000000000000000000000000000000000000000000001000000000000000000000000000000000000000010000000000000000100000000000000000000000000
3,100101000000000000000000000000000000000000000000000000000000010000000000000000000000000000000000000000100000000000000001000000000000000000000000000
2,1001010000000000000000000000000000000000000000000000000000000100000000000000000000000000000000000000001000000000000000010000000000000000000000000000
0,10010100000000000000000000000000000000000000000000000000000001000000000000000000000000000000000000000010000000000000000100000000000000000000000000000
439,10010100000000000000000000000000000000000000000000000000000001000000000000000000000000000000000000000010000000000000000100000000000000000000000000001
1,100101000000000000000000000000000000000000000000000000000000010000000000000000000000000000000000000000100000000000000001000000000000000000000000000000
438,100101000000000000000000000000000000000000000000000000000000010000000000000000000000000000000000000000100000000000000001000000000000000000000000000010
440,1001010000000000000000000000000000000000000000000000000000000100000000000000000000000000000000000000001000000000000000010000000000000000000000000000100
441,10010100000000000000000000000000000000000000000000000000000001000000000000000000000000000000000000000010000000000000000100000000000000000000000000001000
